RA = 286.50735701664
dec = +41.92212982156
parallax = 0.6188, 0.0189

[KIC]
resolution=1.
relative=False
g = 15.894, 0.08
G = 15.4102, 0.02
r = 15.373, 0.05
i = 15.221, 0.05
z = 15.196, 0.05
J = 14.310, 0.033
H = 14.012, 0.045
K = 14.063, 0.054
delta_r = 10.0, 0.01
separation_1 = 4
PA_1 = 85.
g_1 = 14.849, 0.08
G_1 = 14.3701, 0.02
r_1 = 14.342, 0.05
i_1 = 14.215, 0.05
z_1 = 14.185, 0.05
J_1 = 13.320, 0.035
H_1 = 13.021, 0.040
K_1 = 12.942, 0.038